1 N D 13 11.
177791969779919919997797966. 191771911- 779999777 ’ ¹ 977

799 ’.767 8719991994. 1191171991 749 19777777εὲ977 surius
1971999991197999919117171117 977. 777 luzam 9917991197 11799719υὸ799
199791791719971979771977979 Augustam 379 -

797· 1971997919197991917. 189
19979.Β.ό·197717771197779111 919 Luam. 7679
197999. 371199777199 67 Liberalitas 999 99
199791977999977 ι 411 111917917717717771777991199711979.17199·
19999. 19999991997799. 1991177971797 99 9779197117 791
Ι19977. 0977999777 79 1197996111979999919919 997
1999907979 79777 19719797777779 9179999179 997
1799967919979 295 1991999979779997119111771 197
1799969199 136 1779 779919991919799177 777
1997911971777 999 9997991999 Academia 7717199 14
19977117119199991 797 zum Bomphius 997
1997911979919991999 410 1999177977 (39799777 976
17997 9919199777 997 1711977791117791997 206
19979.Ρ719’7997779 ²07 991991716779999199919979797199ιί1 977
· 197917711997 990 19719 7719779 99919 14
1999919971777 767 997971997999199999 , 999
199999911777
1797797991777 ²59 799791797797799791711797999·
17979. 997999797979999179717. 185 Μὴ 999
1917997991779777 358 97999971779179797 779. 797 997
177199791799779997911 997 9997999979 1119977 99771799 magum
1977717. 997197797997171999797 777 409
179797919797999971999 779 9999771799999799111979977779 7977
19917 contemnunt (17779997797797.ι 799977- Mar 99177997 1777179799 - 799

179911717799991191777799 97 77991979991919999999 997
199119999977997 797719 2¹7· 218 11991799997797 799977 919 949
1771191979 (1799971119 77979 99719791 Mattheus 719797197197771191779999

99999 99 am 7ο

19119771171997779 ῤ717777799979 111999 1917177919797799199 9797919117ςὶ1
711777 7 711111111111111111
17771979 ’ 67, 119191179271911977797777 7779177791·
. 1971797999199797791179779977 4². 7997 999
9197979979 7 97919977 exemplum 779 76

ξΚ199997777197ι Κ7791777717991177799 97. 117779919117917797779177999 766
78 89 metaphorarum 7197177979 69

1 119979197197191191919111799 4¹4 1Μ111ὴ111911111ι11111η :gg
, 199799999969679797977917 9777979 11799719117791917 997
1177799171 7779 Ε7977779 ms 717 98 7997·

19771991 1179717979· 777 07771797 7991991197 ἑὶ
U 7 9

 

